1.5625e-20
1.5625e-20
1.5625e-20
1.5625e-20
1.953125e-21
1.953125e-21
1.953125e-21
1.953125e-21
1.953125e-21
1.953125e-21
1.953125e-21
1.953125e-21
1.953125e-21
1.953125e-21
1.953125e-21
1.953125e-21
1.953125e-21
1.953125e-21
1.953125e-21
1.953125e-21
1.953125e-21
1.953125e-21
1.953125e-21
1.953125e-21
1.953125e-21
1.953125e-21
1.953125e-21
1.953125e-21
1.953125e-21
1.953125e-21
1.953125e-21
1.953125e-21
1.953125e-21
1.953125e-21
1.953125e-21
1.953125e-21
1.953125e-21
1.953125e-21
1.953125e-21
1.953125e-21
1.953125e-21
1.953125e-21
1.953125e-21
1.953125e-21
1.953125e-21
1.953125e-21
1.953125e-21
1.953125e-21
1.953125e-21
1.953125e-21
1.953125e-21
1.953125e-21
1.953125e-21
1.953125e-21
1.953125e-21
1.953125e-21
1.953125e-21
1.953125e-21
1.953125e-21
1.953125e-21
1.953125e-21
1.953125e-21
1.953125e-21
1.953125e-21
1.953125e-21
1.953125e-21
1.953125e-21
1.953125e-21
1.5625e-20
1.5625e-20
1.5625e-20
1.5625e-20
